-2991.96875;-787.961731;16.534187;2;Alley to Balcony;-26.549746;-35.08456;800;0;0;0;0;0;180
-1565.991821;1091.941406;64.093811;2;Middle to B Long;-45.771;-44.687805;800;0;1;0;1;0;180
-1565.991821;1091.941406;64.093811;2;Mid Plateau to Terrace;-36.512622833252;-32.845703125;800;0;1;0;1;0;180
-703.96875;-335.96875;-27.910431;2;B Long to B Long  |  Terrace boxes;-15.278868675232;25.098363876343;800;0;1;0;1;0;180
-2534.005371;-272.03125;-184.407272;2;CT Ramp to Balcony;-17.127037;-65.392319;800;0;1;0;1;0;450
-1864.96875;-1611.96875;96.093811;2;Balcony to A Long;-11.221231;136.023499;800;0;0;0;0;0;450
-823.96875;-1055.96875;-124.076149;2;B Door to B Long;-16.781809;34.054077;800;1;0;0;2;0;450
-1540.973389;-1226.978027;-25.199188;2;Connector to B Long;-50.672855;41.294445;800;0;1;0;1;0;450
-399.96875;-760.03125;-95.604759;2;Electric to B Long;-15.114135;32.888721;800;0;0;0;0;0;450
-3471.96875;-655.96875;32.093811;2;A Long to Hay;-17.325163;44.563553;800;0;0;0;0;0;450
-558.03125;-42.535999;0.093811;2;Halls to B Door;-62.173512;-100.720726;800;0;0;0;0;0;450
-3346.178711;455.572449;0.093811;2;Hay to A Door;-40.32724;-45.610413;800;0;0;0;0;0;450
-3165.1635742188;585.62237548828;0.03125;2;Hay to Grassy;-55.144222;-61.434193;800;0;0;0;0;0;180
-3168.03125;79.96875;-29.906189;2;A Long to GSG (Site side);-47.158157;-65.556221;800;0;0;0;0;0;180
-3330.79126;486.347137;0.093811;2;Hay to Storage;-39.484535;-50.469841;800;0;0;0;0;0;450
-339.98996;-80.03125;-31.906189;2;B Long to B Door;-61.379925;-112.67469;800;0;0;0;0;0;450
-339.98996;-80.03125;-31.906189;2;B Long to Hut;-53.921837;-52.166801;800;0;0;0;0;0;450
-339.98996;-80.03125;-31.906189;2;B Long to Hut;-41.414818;-54.226635;800;0;0;0;0;0;450
-339.98996;-80.03125;-31.906189;2;B Long to Electric;-77.220078;-115.603859;800;0;0;0;0;0;450
-339.98996;-80.03125;-31.906189;2;B Long to Short;-52.99807;-64.715561;800;0;0;0;0;0;450
-339.98996;-80.03125;-31.906189;2;B Long to Hut (Inside);-45.127613;-60.174595;800;0;0;0;0;0;450
-155.970673;-16.010778;-31.906189;2;B Long to Hut;-50.869473;-69.63755;800;0;0;0;0;0;450
-155.970673;-16.010778;-31.906189;2;B Main to Bombsite B;-69.532074;-81.473053;800;0;0;0;0;0;450
47.96875;-16.03125;-23.114716;2;B Long to Boost;-81.378204;-89.289169;800;0;0;0;0;0;450
-288.03125;1020.97052;128.093811;2;T Spawn to B Long;-51.547066;-53.167721;800;0;0;0;0;0;450
-288.03125;1020.97052;128.093811;2;T Spawn to Boost;-58.757492;-80.326363;800;0;0;0;0;0;450
-752.03125;-80.03125;128.093811;2;Skyfall (Upper) to Skyfall;5.361639;-119.332336;800;0;0;0;0;0;450
-354.614044;-239.96875;-31.914421;2;B Long to Boost;-79.035889;-11.570914;800;0;0;0;0;0;450
-703.96875;-80.710037;-28.92395;2;B Main to Site;-60.028107;-54.990608;800;0;0;0;0;0;450
-418.514893;-95.749924;-32.562836;2;B Main to Bombsite B;-75.323563;-61.343159;800;0;0;0;0;0;450
116.094803;1043.494507;44.676018;2;Garden to Terrace boxes;-62.983539581299;-75.337844848633;800;0;0;0;0;0;180
-2587.859863;-589.567139;26.807899;2;Grassy to CT Ramp;-37.765247344971;-59.51432800293;800;0;0;0;0;0;180
751.96875;-511.389893;-65.751923;2;Terrace stairs to B Long;-30.158828735352;155.02447509766;800;0;0;0;0;0;180
-435.610718;-876.408997;-107.025925;2;Rock to B Long;-15.437683105469;39.185699462891;800;0;0;0;0;0;180
-2907.962402;-1976.022705;143.093811;2;Barrels to Alley;-8.300402;94.145882;800;0;0;0;0;0;180
-780.03125;111.931717;128.093811;2;Halls to Skyfall;-4.7685;-92.1838;800;0;0;0;0;0;450
-2863.96875;560.03125;0.093811;2;Catwalk to Hay;-28.552488327026;-20.627014160156;800;0;1;0;1;0;180
-590.995239;434.631622;-0.906189;2;Halls to Skyfall;-17.854057;-108.593758;800;0;0;0;0;0;450
-823.70092773438;-1055.96875;-124.1164932251;1;B Door to B Long;-16.918270111084;34.171257019043;250;1;0;0;18;450;0
-504.01300048828;-263.72219848633;-32.869365692139;1;B Long to Terrace;-11.66977596283;9.3223829269409;250;0;0;0;0;0;0
-2479.96875;-1913.0900878906;8.6739120483398;2;CT Spawn to B Long;-33.29133605957;36.898548126221;250;1;1;0;33;450;0
-3295.9755859375;79.96875;-29.96875;2;A Long to GSG (Front);-51.591609954834;-42.198108673096;250;1;0;0;6;139;0
-3295.9755859375;79.96875;-29.96875;2;A Long to CT Ramp;-64.223167419434;-19.594778060913;250;0;0;0;6;139;0
-2356.9050292969;2586.4919433594;16.03125;2;Courtyard to A Site;-32.821624755859;-88.850044250488;250;1;1;0;22;450;0
197.02368164063;-94.585098266602;-19.550001144409;2;B Plat to Chicken;-23.594543457031;-59.009620666504;250;0;0;0;0;0;0
-365.65087890625;-718.37200927734;-61.96875;2;B Short to B Plat;-15.949584960938;29.070718765259;250;0;0;0;0;0;0
-69.784080505371;-632.10583496094;67.92847442627;2;B Short Boost to B Long;-26.784729003906;117.36999511719;250;0;0;0;0;0;0
-69.069892883301;-637.99725341797;67.945724487305;1;B Short Boost to B Long;-12.319616317749;69.983825683594;250;0;0;0;0;0;0
-140.2370300293;-630.23181152344;60.03125;1;B Short Boost to B Plat;6.2153868675232;31.758731842041;250;1;0;0;14;139;0
-385.92233276367;-751.14514160156;-61.96875;1;B Short to B Plat;-12.010322570801;30.314094543457;250;1;0;0;1;450;0
-130.47924804688;-534.23760986328;-31.96875;1;B Short to B Long;-54.086784362793;112.11496734619;250;0;1;0;0;0;0
751.96875;-507.06793212891;-63.994697570801;1;B Plat to B Long (Deep);-13.542581558228;150.07008361816;250;1;0;0;8;450;0
748.08111572266;-612.01092529297;-93.686866760254;2;B Plat to B Long (Deep);-35.157638549805;162.85302734375;250;0;0;0;0;0;0
593.85968017578;-1472.4326171875;-79.96875;2;Chicken to B Long (Deep);-51.767894744873;121.59712982178;250;0;1;0;0;0;0
403.87152099609;-1403.6848144531;-79.96875;2;Chicken to B Long;-42.03296661377;107.37616729736;250;0;0;0;0;0;0
118.64115142822;-1315.2856445313;-111.49925994873;1;Site to B Plat;-28.833065032959;78.27677154541;250;0;0;0;0;0;0
-1136.6622314453;-610.31420898438;-31.96875;1;Drop;-20.308034896851;34.491806030273;250;0;0;1;0;0;0
-1136.6622314453;-610.31420898438;-31.96875;3;Drop;-20.308034896851;34.491806030273;250;0;0;1;0;0;0
-846.72808837891;54.039585113525;128.03125;1;Sky to Window;-11.731081962585;-61.088905334473;250;0;0;0;0;0;0
-752.03125;-102.0846862793;128.03125;1;Sky to Drop;-1.0060871839523;-113.06410980225;250;1;0;0;5;450;0
-752.03125;-102.0846862793;128.03125;3;Sky to Drop;-1.0060871839523;-113.06410980225;250;1;0;0;5;450;0
-2989.3032226563;-1127.0563964844;32.03125;1;Stables to CT Ramp;-8.540958404541;54.016815185547;250;0;0;0;0;0;0
-2622.3110351563;2102.908203125;16.03125;2;T Ramp to Mid Doors;4.173442363739;-78.706169128418;250;1;0;0;11;450;0
-1227.8367919922;2400.2514648438;-119.83805084229;2;T Base to Mid;-8.4765119552612;-121.22702789307;250;0;1;0;3;0;0
-2573.7717285156;2638.5256347656;16.03125;2;Statue to Vent Room;-49.45764541626;-82.865982055664;250;1;1;0;33;450;0
