1311.96875;1412.2590332031;1707.03125;2;Skull to Quad;-56.252925872803;153.97355651855;800;0;0;0;0;0;180
730.498;-1463.97;1614.09;2;Fence to B Site;-30.8836;161.23;800;0;0;0;0;0;180
605.20611572266;-148.96875;1692.1883544922;1;Vent to Z;15.5562;168.976;800;0;1;0;1;0;180
-45.683532714844;-412.96875;1614.03125;2;Checkers to B Hall;-20.5039;45.5835;800;0;0;0;0;0;180
567.99450683594;-163.34872436523;1749.03125;3;Vent to Under Vent;4.5926141738892;-128.75340270996;800;0;0;0;0;0;180
730.243;-1463.97;1614.09;3;Flash Room to Back Site;-28.4482;148.102;800;0;0;0;0;0;450
960.007;-1463.97;1644.09;3;Flash Room to Default;-24.8676;171.447;800;0;0;0;0;0;450
204.96875;-1454.96875;1659.03125;3;Back Site to Heaven;-17.9179;131.368;800;0;0;0;0;0;180
-530.345;-528.969;1731.46;3;Heaven to Back Site;-11.8888;-62.3155;800;0;0;0;0;0;450
1776.5008544922;860.47290039063;1620.9649658203;2;T Spawn Truck to Z;-16.751993179321;-156.50302124023;800;0;1;0;1;0;180
376.41;-819.089;1614.09;2;B Hall to CT;-14.6233;137.173;800;1;0;0;2;0;180
272.78;-748.37;1614.03;2;B Hall to Heaven;-33.28;137.4;800;0;0;0;0;0;450
1822.8548583984;641.13012695313;1649.2828369141;2;T Spawn Truck to Mid Box;-32.364208221436;-173.57939147949;800;0;0;0;0;0;180
833.031;326.987;1614.09;3;Garage to Sandbags;-16.5419;-151.03;800;0;0;0;0;0;180
1762.03;318.361;1614.03;2;Garage to Mid;-11.1988;-176.684;800;0;0;0;0;0;450
958.03125;-1172.96875;1614.03125;2;B Hall to B Main;-12.6838;144.284;800;0;0;0;0;0;180
-461.03125;-764.96875;1796.09375;2;Heaven to B Halls;-0.907516;35.265495;800;0;0;0;0;0;450
-782.19470214844;1111.03125;1687.0311279297;2;Car to Main;-11.079660415649;24.453695297241;800;0;0;0;0;0;180
-616.96875;-764.94067382813;1796.03125;2;Heaven to B Halls;12.638;6.434308;800;0;0;0;0;0;180
-380.03125;116.97796630859;1665.03125;2;Z (Oneway);-0.19867;-170.005798;800;0;0;0;0;0;180
425.96875;-413.96875;1614.7504882813;2;Vent (Oneway);-20.180223;83.582611;800;0;0;0;0;0;180
-429.96875;2244.96875;1687.09375;2;Quad boxes to Main;-66.017174;-31.140173;800;0;0;0;0;0;450
-429.96875;2261.986328;1718.09375;2;Quad boxes to Main;-1.766171;-30.80728;800;0;0;0;0;0;450
-50.012558;2261.96875;1687.09375;2;NBK to Main;-18.612713;-64.612831;800;0;0;0;0;0;450
827.948181;-1463.96875;1614.09375;2;Toxic to Headglitch;-25.822598;165.04187;800;0;0;0;0;0;450
827.948181;-1463.96875;1614.09375;2;Toxic to Headglitch;-27.291553;163.36586;800;0;0;0;0;0;450
827.948181;-1463.96875;1614.09375;2;Toxic to Default;-21.995483;162.191437;800;0;0;0;0;0;450
1282.0272216797;1612.96875;1765.03125;2;Long A to Forklift  |  Default;-59.020793914795;-175.85218811035;800;0;0;0;0;0;180
1711.974121;463.987732;1614.09375;2;Garage to Middle Roof side;-10.675973;-167.299591;800;0;0;0;0;0;450
1711.96875;-71.96875;1614.09375;2;Garage to Middle Spool side;-10.560504;161.185349;800;0;0;0;0;0;450
837.74224853516;-874.01843261719;1614.03125;2;B Halls to Checkers;-15.356521606445;177.33500671387;800;0;0;0;0;0;180
1292.1276855469;1339.2814941406;1707.8499755859;2;Long A to Balcony;-66.462966918945;-178.01089477539;800;0;0;0;0;0;180
1311.96875;1520.3828125;1707.03125;2;Long A to NBK;-58.88614654541;159.87139892578;800;0;0;0;0;0;180
154.39976501465;2096.0947265625;1688.03125;2;Squeaky to NBK;9.557107925415;-27.373031616211;800;0;0;0;0;0;180
153.03125;2205.859375;1688.03125;2;Squeaky to Forklift  |  Default;-6.0416932106018;-70.00032043457;800;1;0;0;34;450;0
960.03125;-1463.96875;1644.09375;2;Toxic to CT;-26.400745;162.85173;800;0;0;0;2;450;180
1160.711182;715.841675;1613.09375;2;Long to Z;-31.334572;-153.088974;800;0;0;0;0;0;450
1292.1286621094;1356.4327392578;1707.7744140625;2;Long to Safe  |  Quad Boxes;-56.200637817383;149.9700012207;800;0;0;0;0;0;180
5.5963444709778;-412.96875;1614.03125;2;Checkers to B Halls;-17.399980545044;50.539421081543;800;0;0;0;0;0;180
-633.97381591797;-376.986328125;1620.03125;2;Heaven to Bombsite B;-32.22513961792;-58.794654846191;800;0;0;0;0;0;180
87.96875;2244.98046875;1689.4040527344;2;NBK to Bombsite A;-71.181236;-93.482628;800;0;0;0;0;0;180
114.96577453613;-110.03125;1616.0788574219;2;Sandbags to Middle;-16.913092;-84.200432;800;0;0;0;0;0;180
204.96875;-1114.011475;1659.09375;2;New box to B Hall;-44.501499;112.792343;800;0;1;0;11;0;180
-482.990204;1441.979736;1687.09375;2;Elektro to Main;-15.857206;11.924713;800;0;0;0;0;0;450
879.79699707031;-874.03118896484;1614.03125;2;B Halls to Bombsite B  |  Checkers;1.5045548677444;177.61570739746;800;0;0;0;0;0;180
1736.970581;308.96875;1614.09375;2;Garage to Middle;-9.157659;162.762833;800;1;0;0;2;0;450
766.999634;1117.012329;1702.09375;2;Main to Bombsite A;-26.021078;117.366554;800;0;0;0;0;0;450
1481.584961;-729.984558;1614.09375;2;B Halls to B Main;-16.715294;-165.484711;800;0;0;0;0;0;450
808.282593;-1173.96875;1614.09375;2;B Halls to Checkers;-9.570838;132.692581;800;1;0;0;2;0;180
476.99417114258;2085.0314941406;1702.3641357422;2;Squeaky to Quad Boxes;-10.907340049744;118.78340911865;800;0;0;0;0;0;180
2643.4543457031;12.689742088318;1613.03125;2;T Spawn to Middle;-11.831539154053;-179.06195068359;250;1;1;0;3;450;0
2157.5334472656;-180.15950012207;1625.4552001953;2;T Spawn to Spool;-18.376224517822;161.67652893066;250;1;1;0;3;450;0
832.33782958984;-1464.96875;1615.03125;1;Toxic to Headglitch;-24.813631057739;167.3980255127;250;0;0;0;0;0;0
-407.96875;-412.96875;1614.875;3;Checkers to Vent;6.4964389801025;11.637532234192;250;0;1;0;0;0;0
-407.96875;-412.96875;1614.875;1;Checkers to Vent;6.3578419685364;11.637531280518;250;0;1;0;0;0;0
718.19445800781;-1191.9129638672;1614.03125;2;B Halls to Bombsite B;-7.6832709312439;128.10913085938;250;1;0;0;25;450;0
567.99450683594;-163.34872436523;1749.03125;1;Vent to Under Vent;4.5926141738892;-128.75340270996;250;0;0;0;0;0;0
605.52191162109;-75.326156616211;1685.3424072266;1;Vent entrance to Sandbags;-13.979808807373;-172.0980682373;250;0;0;0;0;0;0
605.52191162109;-75.326156616211;1685.3424072266;3;Vent entrance to Sandbags;-13.979808807373;-172.0980682373;250;0;0;0;0;0;0
733.62512207031;-133.96875;1631.7248535156;1;Vents to CT Connector Window;-24.975475311279;160.41265869141;250;0;0;0;0;0;0
781.96875;-133.96875;1618.5744628906;3;Vents to CT Connector Window;-19.788921356201;161.54098510742;250;1;0;0;8;450;0
605.20324707031;-148.94277954102;1692.1870117188;3;Vent to Z;16.807235717773;169.44635009766;250;0;1;0;0;0;0
-1066.96875;318.61019897461;1614.03125;1;CT to Vents;5.902645111084;-9.8114233016968;250;1;1;0;46;450;0
-429.96994018555;2244.9694824219;1691.4730224609;2;Quad boxes to Main;-17.821487426758;-21.71537399292;250;0;0;0;0;0;0
-429.96994018555;2244.9694824219;1691.4730224609;2;Quad boxes to Main;-65.546089172363;-31.278789520264;250;0;0;0;0;0;0
1230.7557373047;1603.96875;1712.03125;2;Corner to Site | Truck;-60.3935546875;-179.80848693848;800;0;0;0;0;0;180
1230.7557373047;1603.96875;1712.03125;2;Long A to Forklift;-66.372718811035;-173.93577575684;250;0;0;0;0;0;180
1311.96875;1612.9957275391;1765.03125;2;Long A to Highway Side of A;-55.328594207764;-173.73600769043;800;0;0;0;2;0;180
1311.96875;1612.9957275391;1765.03125;2;Pipes to Truck;-48.857692718506;-168.35702514648;250;1;0;0;2;0;180
1311.96875;1612.9957275391;1765.03125;2;Long A to Default;-41.228507995605;-167.52734375;250;0;0;0;0;0;0
1037.03125;516.03125;1613.7329101563;2;Boost Boxes (Oneway);-49.137814;104.639671;800;0;0;0;1;0;180
1037.03125;516.03125;1613.7329101563;2;Corner to Forklift;-44.248683929443;117.23034667969;250;0;1;0;1;0;180
1037.0111083984;516.03125;1667.7717285156;2;Boost Boxes to Quad Stack;-29.789262771606;122.0959854126;250;0;1;0;0;0;0
1018.0347290039;593.73303222656;1736.4000244141;2;Boost to Z;-10.716045379639;-157.8330078125;250;0;0;1;0;0;0
-997.27374267578;1440.6202392578;1687.0311279297;2;Car to Vents;-34.215419769287;-48.859142303467;250;1;0;0;15;200;0
-997.27374267578;1440.6202392578;1687.0311279297;2;Corner to Vents;-14.996229171753;-47.0573387146;250;0;1;0;0;200;0
204.96875;-1454.96875;1659.03125;2;Back Site to Heaven;-17.2942;128.952;800;0;0;0;0;0;180
204.96875;-1454.96875;1659.03125;2;Back Site to CT;-55.337688446045;140.3226776123;250;0;0;0;0;0;0
204.96875;-1454.96875;1659.03125;1;Back Site to Heaven;-18.562568664551;132.19139099121;250;0;0;0;0;0;0
-1092.3916015625;196.68600463867;1614.03125;2;CT to Garage;-15.122072219849;1.3688479661942;250;1;0;0;4;280;0
-905.63842773438;1030.75;1682.9274902344;1;Car to Safe;-20.493980407715;43.566925048828;250;0;0;0;0;0;0
10.052395820618;-148.96875;1619.1188964844;1;Sandbags to Boost;-29.225812911987;39.270359039307;250;0;0;0;0;0;0
1260.6794433594;1322.2015380859;1712.03125;1;Long A to Vents;-15.550584793091;-115.31493377686;250;1;0;0;9;450;0
1350.4450683594;974.96875;1619.2563476563;1;Long to Sandbags;2.328800201416;-141.12507629395;250;1;1;0;14;450;0
1121.0012207031;-1454.0250244141;1615.802734375;1;Toxic to Bombiste B;-26.777183532715;176.04371643066;250;0;0;0;0;0;0
908.00201416016;-1236.8525390625;1613.03125;1;Toxic to Headglitch;-24.282138824463;179.92562866211;250;0;0;0;0;0;0
959.95977783203;-1463.0638427734;1648.03125;1;Flash Room to Default;-23.034971237183;172.02502441406;250;0;0;0;0;0;0
609.02227783203;-1464.0445556641;1615.03125;1;Toxic to Spray Boxes;-31.90539932251;141.58067321777;250;0;0;0;0;0;0
-530.32897949219;-528.06262207031;1732.4362792969;1;Heaven to Back Site;-11.300162315369;-62.485061645508;250;0;0;0;0;0;0
730.94110107422;-1463.9912109375;1615.03125;1;Flash Room to Back Site;-27.839817047119;148.39938354492;250;0;0;0;0;0;0
1819.96875;855.96875;1661.8597412109;2;T Spawn to Z;-16.874481201172;-159.54794311523;250;0;1;0;0;0;0
-968.53460693359;921.5751953125;1669.9047851563;1;Truck to Quad Stack;-17.841287612915;64.804962158203;250;1;0;0;28;450;0
-351.03125;-1232.0250244141;1613.03125;1;Generator to Toxic;-23.193487167358;-0.28782764077187;250;0;0;0;0;0;0
1311.96875;1578.7563476563;1707.03125;2;Long A to Balcony;-51.040138244629;-167.03898620605;250;0;0;0;0;0;0
-302.30044555664;2274.96875;1687.0314941406;1;Quad to Truck;-12.096967697144;-117.44367218018;250;1;0;0;7;135;0
-302.30044555664;2274.96875;1687.0314941406;3;Quad to Truck;-12.096967697144;-117.44367218018;250;1;0;0;7;135;0
-187.88970947266;2230.6604003906;1687.0323486328;1;Quad to Elektro;5.1179513931274;-109.77359008789;250;1;1;0;14;160;-180
-361.6921081543;2274.96875;1722.53125;1;Quad to Balcony;8.0879621505737;-73.77857208252;250;0;1;0;0;0;0
-361.6921081543;2274.96875;1722.53125;1;Quad to Highway;12.322982788086;-80.103607177734;250;0;1;0;0;0;0
-429.96875;2245.46875;1691.4742431641;1;Quad to A Main;8.0328645706177;-33.738525390625;250;0;1;0;0;0;0
-199.02795410156;1623.03125;1687.03125;1;Site to Squeaky;11.6628074646;28.79642868042;250;1;1;0;15;450;-180
-1073.96875;833.37091064453;1660.7828369141;1;Truck to Squeaky;4.0665578842163;42.522743225098;250;1;1;0;11;450;0
-107.29918670654;542.82818603516;1627.6948242188;1;Vents;-18.978521347046;-47.047897338867;250;0;0;0;0;0;0
-107.29918670654;542.82818603516;1627.6948242188;1;Vents 2;-15.293500900269;-40.557861328125;250;0;0;0;0;0;0
-119.82376861572;490.02331542969;1619.4285888672;1;Garage;-16.008472442627;-11.823131561279;250;1;0;0;2;450;-180
-550.96875;134.51252746582;1665.03125;1;Connector to Boost;-22.223508834839;17.681953430176;250;1;0;0;8;450;0
-322.37173461914;992.80706787109;1846.3670654297;1;A Main;-2.313684463501;44.538608551025;250;1;0;0;3;415;0
-393.50988769531;-1214.3640136719;1613.03125;2;Headshot to B Main;-7.7869901657104;45.952583312988;250;0;0;1;0;0;0
-354.72854614258;-1307.6243896484;1613.03125;2;Headshot to B Checkers;-10.308027267456;77.08039855957;250;0;0;1;0;0;0
-298.06121826172;-472.03125;1613.03125;1;Under Balcony to Vents;-10.74560546875;40.272850036621;250;1;0;0;13;450;-90
-148.82467651367;-1384.90625;1720.7211914063;1;Site to Balcony;-6.4489316940308;113.80194854736;250;0;0;0;0;0;0
-148.82467651367;-1384.90625;1720.7211914063;1;Site to Balcony (Deep);-12.223950386047;113.96694946289;250;0;0;0;0;0;0
67.721588134766;-1285.9796142578;1771.5043945313;1;Site to Hell;6.4761390686035;143.58154296875;250;0;0;0;0;0;0
-835.6259765625;-24.089431762695;1614.03125;1;CT Halls to B Site;-19.428894042969;-59.314277648926;250;1;0;0;6;450;0
