1752.049561;2046.932739;0.365112;2;Long (Car) to Long Doors;-33.430305;-130.54628;800;0;0;0;0;0;180
-946.33783;2509.535156;-25.03125;2;CT Middle to Upper Tunnel;-28.222145;-146.586533;800;0;0;0;0;0;450
1624.519043;1710.172363;1.153809;2;Long to Long Doors;-28.464088;-136.48912;800;0;0;0;0;0;450
-854.114685;2499.377686;-41.03125;2;CT Middle to Back Plateau;-66.179523;165.189682;800;0;0;0;0;0;450
-1273.998047;2538.441162;57.232758;2;Window to Car;-69.713417;-114.456139;800;0;0;0;0;0;450
-242.03125;2278.887695;-119.931587;2;CT Spawn to Lower tunnels  |  Xbox;-32.687481;-123.649094;800;0;0;0;0;0;450
1639.070313;1999.315796;1.03125;2;Car to Long Doors;-35.738846;-127.236259;800;0;0;0;0;0;450
860.03125;790.03125;4.314232;2;Long to Cross;-23.414322;43.616291;800;1;0;0;2;65;450
-1846.553223;1232.569824;32.496025;2;Upper tunnel to B Entrance;-8.613732;118.773392;800;0;0;0;0;0;450
-285.766388;1475.036377;-27.906189;2;Xbox to CT Spawn;-34.354065;133.947922;800;0;0;0;0;0;450
427.351166;1749.96875;4.281326;2;Short to CT;-76.82547;59.183929;800;0;0;0;0;0;450
-513.708435;1101.96875;-68.153992;2;Middle to CT Spawn;-16.187346;77.900352;800;0;0;0;0;0;450
-149.03125;1176.798218;-0.360607;2;Catwalk to CT Spawn;-15.049;129.474686;800;0;0;0;0;0;450
-538.606567;1382.03125;-111.957108;2;Lower tunnel to CT Middle;-35.36055;53.845985;800;0;0;0;0;0;450
229.130554;112.497559;5.215744;2;Outside long to Xbox;-40.624023;108.758316;800;0;0;0;0;0;180
489.96875;1600.060669;1.773712;2;Short (Oneway);-30.984039;133.077393;800;0;0;0;0;50;450
-275.010681;1345.370605;-122.675453;2;Xbox to CT Spawn (Smoke);-5.594321;128.32959;800;0;1;0;1;0;450
-275.010681;1345.370605;-122.675453;2;Xbox to Middle doors (Flash);-38.347153;62.329086;800;0;0;0;0;0;450
222.664124;-87.97821;9.093811;2;Outside long to Long;-46.250572;48.164497;800;0;0;0;0;0;450
-190.273788;-660.03125;52.202942;2;T Spawn to Long;-22.080200195313;53.121990203857;800;0;1;0;1;0;180
189.982376;1334.026611;1.146324;2;Short to CT;-15.592529;66.193123;800;0;0;0;0;0;450
489.96875;1446.03125;0.553154;2;Short;-5.67732;88.280685;800;0;0;0;0;0;450
-871.96875;2083.176025;-79.649643;2;CT Middle to Bombsite B;-33.192467;164.727142;800;0;0;0;0;0;450
-1273.96875;2568.72876;68.035858;2;Window to Bombsite B;-42;2;100;0;0;0;0;0;450
-521.96875;1101.96875;-69.915092;2;Middle to Short;-29.585243;28.768139;800;0;0;0;0;0;450
572.03125;-395.96875;8.093811;2;Outside long to Long;-33.133152;61.396862;800;0;0;0;0;0;450
-984.909424;2553.218994;1.106842;3;CT Middle to Car;-22.044695;-129.863113;800;0;0;0;0;0;450
-275.03125;1345.421997;-122.247765;3;Xbox to Middle doors (molo);-32.753494;134.837158;800;0;0;0;0;0;450
-299.99981689453;-1163.9887695313;77.707901000977;2;T Spawn to Xbox;-16.478971481323;89.226219177246;250;1;1;0;6;121;0
53.118629455566;308.03021240234;0.43983459472656;2;Top Middle to Xbox;-38.650585174561;129.13575744629;250;1;0;0;20;450;0
757.07604980469;-347.96875;8.03125;2;Outside long to Xbox;-13.933948516846;117.93809509277;250;1;1;0;7;12;0
-717.48480224609;451.03741455078;25.03125;2;Green to Mid Doors;-33.391513824463;33.914268493652;250;0;0;0;0;0;0
-1622.8369140625;1626.958984375;2.2977828979492;2;Closet to Window;-24.428876876831;75.384132385254;250;0;0;1;0;0;0
-1707.96875;1620.03125;2.8081855773926;2;Closet to B Doors;9.5742607116699;58.068435668945;250;0;0;0;0;0;0
-2093.7670898438;3027.1284179688;34.965751647949;2;Pool to Tunnel (Oneway);-20.636877059937;-91.394157409668;250;1;0;0;4;450;0
-1906.03125;3042.6740722656;107.03125;2;Pool to Tunnel (Oneway);4.7436895370483;-114.61463928223;250;0;0;0;0;0;0
-1467.3156738281;1839.5432128906;0.89440155029297;2;Car to Tunnel Exit;8.4307346343994;174.79252624512;250;0;0;1;0;0;0
15.656714439392;2270.2038574219;-27.96875;2;CT to Middle (Oneway);50.700870513916;165.57308959961;250;0;0;1;0;0;0
391.85415649414;2335.6452636719;-119.96875;1;CT to A Site;-32.881313323975;-44.69548034668;250;1;1;0;48;450;0
847.27740478516;790.00170898438;47.03125;3;Long to Car;1.9277403354645;52.892459869385;250;1;1;0;11;450;0
847.19799804688;790.0009765625;47.03125;1;Long to Car;4.4307403564453;52.795833587646;250;0;1;0;0;0;0
-760.03125;2066.03125;-109.24654388428;1;CT Middle to Backsite;-25.884664535522;132.72593688965;250;0;0;0;0;0;0
-208.07255554199;2178.0627441406;-125.53253173828;1;CT to Xbox;-28.056234359741;-129.89131164551;250;1;0;0;8;450;0
-275.03125;1345.4174804688;-122.37158966064;1;Xbox to Middle doors;-33.03592300415;134.84252929688;250;0;0;0;0;0;0
348.5451965332;-650.76831054688;48.675113677979;2;T Base to A Car;-13.031346321106;63.786563873291;250;0;1;0;0;0;0
-721.27453613281;2351.4609375;-105.9711227417;1;Middle to Short;-25.622951507568;-64.002990722656;250;1;0;0;0;0;0
-1937.4401855469;1819.5794677734;33.03125;1;Tunnel to B Boxes;-18.906847000122;31.720020294189;250;1;0;0;0;0;0
-983.365234375;2553.2053222656;0.44587516784668;1;CT Middle to Car;-22.140863418579;-130.4421081543;250;0;0;0;0;0;0
135.15493774414;1425.8018798828;-0.36979675292969;1;Short to Ninja;-3.7325372695923;95.512054443359;250;1;1;0;28;450;-93.300003051758
294.57818603516;1677.6346435547;42.888801574707;1;Short to A Site;-9.9156160354614;59.999187469482;250;1;0;0;41;450;0
-1490.0148925781;2838.5051269531;6.6051840782166;1;B site to Tunnel;12.203475952148;-114.30693054199;250;0;1;0;0;0;0
-1837.7021484375;982.03125;40.592685699463;2;Tunnel to Pool;-31.883430480957;94.58455657959;250;0;1;0;0;0;0
-2157.96875;2029.96875;5.337911605835;1;Fence to Tunnel;8.1887760162354;-62.914180755615;250;1;1;0;28;450;0
-2182.96875;2098.03125;4.1958479881287;2;Fence to CT (Anti-Sniper);-24.849100112915;1.9221999645233;250;0;0;0;0;0;0
-2093.96875;3117.96875;35.694564819336;2;Pool to Tunnel Connector;-29.854619979858;-81.143173217773;250;0;1;0;0;0;0
-1942.03125;1708.8114013672;34.00513458252;1;Tunnel to Car LongBox;10.541729927063;156.39295959473;250;0;1;0;0;0;0
-2016.8255615234;1574.3790283203;32.117309570313;1;Tunnel to Backsite;-3.2648708820343;80.456596374512;250;1;0;0;12;450;-31.10000038147
-1199.96875;1437.9096679688;-75.96875;2;Lower Tunnel to Short;16.103797912598;-0.48152136802673;250;1;1;0;50;450;0
283.41809082031;-874.31713867188;-9.7161836624146;1;T Base to T Ramp;-2.5212757587433;170.79348754883;250;1;1;0;36;450;0
759.89855957031;933.05755615234;-0.067192077636719;1;Long to Outside Long Car (Anti-Sniper);-8.8538160324097;-64.586807250977;250;1;0;0;38;450;-90
759.89855957031;933.05755615234;-0.067192077636719;3;Long to Outside Long Car (Anti-Sniper);-8.8538160324097;-64.586807250977;250;1;0;0;38;450;-90
539.03125;342.40948486328;10.253337860107;2;Long Doors to Long;-64.015892028809;51.108795166016;250;0;0;0;0;0;0
1768.96875;680.61474609375;56.031242370605;1;A Site;1.1000179052353;108.39405822754;1000;1;1;0;19;450;0
1522.1923828125;201.03125;-182.67282104492;1;CT(Safe);-2.7876117229462;97.30778503418;350;1;1;1;18;450;0
1522.1923828125;201.03125;-182.67282104492;1;A Site (Not Very Safe);-7.1326036453247;97.197784423828;400;1;1;0;42;450;0
432.47787475586;333.48699951172;3.2172257900238;1;Close Mid Doors;-80.914909362793;11.164942741394;400;0;1;0;0;0;0
432.47787475586;333.48699951172;3.2172257900238;3;Close Mid Doors;-80.914909362793;11.164942741394;400;0;1;0;0;0;0
1292.03125;201.03125;-180.75215148926;1;Long Car;-6.3153557777405;77.95255279541;250;1;1;1;17;450;0
729.23785400391;133.95059204102;9.03125;1;Behind Mid Doors;-28.618793487549;125.20406341553;250;0;0;1;0;0;0
877.46557617188;2752.7062988281;142.45909118652;1;Site to Deep Short ( Also Jump On Ninja );13.656962394714;-98.342239379883;250;1;1;0;16;450;-90
496.69775390625;2763.96875;97.466888427734;1;Ninja to Ramp;5.1909008026123;-8.9509105682373;250;1;1;0;15;450;180
273.03125;1641.5653076172;20.692308425903;1;GOOSE;0.61700826883316;60.316627502441;250;1;1;0;46;450;0
-476.6028137207;1482.9259033203;-115.60245513916;1;Mid Doors;-29.518367767334;59.956062316895;250;0;0;1;0;0;0
-365.85177612305;1734.7287597656;-125.40558624268;1;Mid Doors to Xbox;-36.256713867188;-125.02787017822;250;0;0;1;0;0;0
489.96875;1710.5437011719;4.5346984863281;2;Short Stairs to Short Entrance;-8.4600162506104;-133.70780944824;250;0;0;0;0;0;0
-2185.96875;1059.03125;39.801246643066;2;Tunnel to B Doors;-52.591796875;53.007118225098;250;0;0;0;0;0;0
1224.9624023438;630.04736328125;8.3724937438965;2;Long to Short Entrance;-8.706901550293;141.08071899414;250;0;1;0;0;0;0
1224.9624023438;630.04736328125;8.3724937438965;2;Long to Short;-11.291915893555;133.05146789551;250;1;1;0;0;0;0
-1537.8068847656;1063.2647705078;36.199569702148;1;Tunnel to Lower (Anti-Rush);4.6027231216431;21.913349151611;250;0;0;0;0;0;0
-699.41156005859;1497.1904296875;-110.33180236816;1;Lower to Upper Tunnel (Anti-Sneak);-13.162417411804;-152.35914611816;250;0;0;1;0;0;0
-2185.96875;1059.03125;39.801246643066;1;Tunnel to Left Tunnel Exit;11.210968971252;62.573196411133;250;0;1;0;0;0;0
-337.00012207031;2423.5466308594;-80.784400939941;2;Mid to T Base - Dark (Anti-Sniper);-0.50964742898941;-89.44393157959;250;1;1;0;12;450;0
