416.48;1768.7;128.65;2;Smoke CT on B Plant;-48.07;65.35;800;0;0;0;0;0;180
-79.45;1330.01;106.77;2;B Plant 1 (FNATIC);-36.52;66.62;800;0;0;0;0;0;450
-79.45;1330.01;106.77;2;Banana (Logs) to Spools;-11.005769;69.318787;800;0;1;0;1;0;450
721.26;49.05;94.28;2;Short;-36.35;55.47;800;0;0;0;0;0;450
1912.797729;2621.056885;244.500916;2;Smoke Construction Retake;-38.61;158.63;800;0;0;0;0;0;450
2032.023682;2975.97583;133.090286;2;CT Spawn to B Entrance;-38.131714;-154.727448;800;0;0;0;0;0;450
151.96875;3063.995117;160.093811;2;Dark to B Entrance;-8.019628;-40.489166;800;0;0;0;0;0;450
386.385803;2537.66333;160.093811;2;C2 to B Entrance;-26.500118;-19.823505;800;0;0;0;0;0;450
2479.925293;-16.03125;98.300232;2;Pit (Oneway);0.098992;-132.038345;800;0;0;0;0;0;450
2129.03125;1917.96875;128.093811;2;CT Spawn to T;-46.826851;-121.514229;800;0;0;0;0;0;450
1329.921631;2977.21875;144.343811;2;Ruins to Banana;-30.755987;-129.919357;800;0;0;0;0;0;450
2643.637207;-337.03125;90.823151;2;Pit (Oneway);-17.044886;171.898758;800;0;0;0;0;0;450
2631.96875;-16.03125;84.093811;2;Pit (Oneway);-5.692367;-179.12886;800;0;0;0;0;0;450
1913.227295;1225.96875;174.093811;2;Arch to Balcony;-46.497322;-87.005005;800;0;0;0;0;0;450
1971.687988;2636.702393;128.093811;2;Well to Fountain;-39.996227;175.975357;800;0;0;0;0;0;450
2110.925537;-319.9888;292.093811;2;Balcony (Oneway);-16.187532;130.413361;800;0;0;0;0;0;450
875.96875;2481.443359;145.093811;2;Bombsite B to Banana (Deep);-23.992226;-125.139305;800;0;0;0;0;0;450
122.978165;1593.462891;113.03125;2;Banana (Logs) to CT Spawn;-34.798424;56.149929;800;0;0;0;0;0;450
491.936829;-267.96875;88.093811;2;2nd Middle to Long;-42.024933;45.854645;800;0;0;0;0;0;450
295.990173;644.004761;20.093811;2;Underpass to Short;-22.455982;-11.856322;800;0;0;0;0;0;450
338.871887;1650.802856;122.093811;2;Banana to Spools;-50.093639;84.572739;800;0;0;0;0;0;450
-874.629822;507.57666;-32.03125;2;T Spawn to Mid;-8.848992;-0.368756;100;0;1;0;1;0;450
726.000305;246.549271;91.627228;2;2nd Middle to Long;-30.079454;40.926552;800;0;0;0;0;0;450
726.000305;246.549271;91.627228;2;2nd Middle to Boost  |  Default;-50.952045;-1.720898;800;0;0;0;0;0;450
361.207794;1795.970947;125.613968;2;Banana to CT Spawn;-32.027519;58.743397;800;0;0;0;0;0;450
726.010803;186.011993;97.527359;2;2nd Middle to Arch;-46.349754;45.800774;800;0;0;0;0;0;450
110.815239;1569.627441;132.076431;2;Logs to Spools;-45.094753;76.556061;800;0;0;0;0;0;450
960.90033;434.006409;88.093811;2;T to Moto;-49.863846;13.159984;800;0;0;0;0;0;450
960.90033;434.006409;88.093811;2;T to Library;-47.024956;28.967554;800;0;0;0;0;0;450
721.03125;393.320099;92.906311;2;2nd Middle to Truck;-51.959007;-19.791485;800;0;0;0;0;0;450
460.464905;1828.470825;136.182693;3;Banana to C1;-25.443281;86.280159;800;0;0;0;0;0;450
790.03125;-302.988647;99.04657;2;2nd Middle to Short;-58.426853;41.080406;800;0;0;0;0;0;450
726.03125;220.962921;94.029999;2;2nd Middle to Truck  |  Pit;-55.24189;-8.699924;800;0;0;0;0;0;450
704.160339;11.96875;88.797089;2;2nd Middle to Pit;-52.337799;-2.135024;800;0;0;0;0;0;450
1291.03125;1186.03125;160.093811;2;Cubby to T;-77.15493;-1.665051;800;0;0;0;0;0;450
1517.96875;792.03125;139.954315;2;Close to Middle;-19.454078674316;-160.45323181152;800;0;0;0;0;0;180
1314.03125;347.201843;129.03125;2;T to Middle;-26.450598;-90.553787;800;1;0;0;2;150;180
941.96875;2221.96875;142.46434;2;Porch to Banana;-29.187929153442;-141.9698638916;800;0;0;0;0;0;180
498.96875;2444.03125;160.093811;2;C1 to Banana;1.748943;142.807571;800;0;0;0;0;0;450
498.96875;2444.03125;160.093811;2;C1 to Banana;1.9965;166.338852;800;0;0;0;0;0;450
1024.010986;2654.032227;133.191925;2;Tree to Banana;-9.587554;-0.419661;800;1;0;0;2;80;450
1347.063721;829.999756;145.19693;2;Close to Middle;-54.995609;98.37117;800;0;0;0;0;0;180
1721.96875;1012.001038;171.093811;2;Long to T;-35.408978;-179.344696;800;0;0;0;0;0;450
1762.03125;1447.951416;160.093811;2;Arch to Long;-40.705269;-37.09687;800;0;0;0;0;0;450
610.96875;1873.03125;134.252365;2;Sandbags to Banana;-44.186985;-0.872295;800;0;0;0;0;0;450
610.96875;1873.03125;134.252365;2;Car (Oneway);11.114764213562;165.1792755127;250;0;0;0;0;0;0
1487.96875;760.018494;138.93573;2;Close to Middle;-35.937;-164.238937;800;0;0;0;0;0;180
1121.03125;-367.96875;256.093811;2;Dark to Stairs;-6.798101;74.801872;800;0;0;0;0;0;450
1744.03125;2694.496826;160.093811;2;Speedway to Bombsite B;-2.161512;-100.138107;800;0;0;0;0;0;450
736.005554;159.9935;99.411682;2;2nd Middle to T;-28.429869;50.241528;800;0;0;0;0;0;450
273.982513;1378.460449;107.093811;2;Banana to Car;-71.196579;151.149689;800;0;0;0;0;0;450
272.03125;644.011841;20.093811;2;Underpass to T;-30.67366;0.774419;800;0;0;0;0;0;450
1275.96875;-111.96875;256.093811;2;CT Apps to T;9.454458;116.691383;800;0;0;0;0;0;450
1130.03125;2803.0102539063;128.02298;2;Banana;-26.404943466187;-144.11083984375;500;0;0;0;0;0;450
1314.03125;341.77478027344;129.03125;2;A Site;-16.882228851318;-50.050170898438;500;0;0;0;0;0;450
1327.1704101563;1247.96875;160.612595;2;Mid;-12.374614715576;-58.286464691162;500;0;0;0;0;0;450
1341.03125;26.03125;133.50116;2;floor (boiler);-19.543260574341;40.047740936279;500;0;0;0;0;0;450
1439.9847412109;2956.2158203125;131.340088;2;Banana Box One-way;-30.856513977051;-127.21116638184;500;0;0;0;0;0;450
1568.5783691406;-274.03100585938;256.03125;2;A StrawHeap;-8.6899929046631;-39.009983062744;500;0;0;0;0;0;450
1507.014648;-365.968384;256.03125;2;A Popflash (manual duck);-28.69;-22.33;500;0;0;0;0;0;450
1484.535278;-365.970886;256.03125;2;A Popflash;-27.06945;-21.700062;500;0;0;0;0;0;450
157.96875;744.47741699219;79.907639;2;A Short;-8.2609844207764;-20.538049697876;500;0;1;0;1;0;450
1662.8587646484;2977.8347167969;133.603973;2;B Entrance;-14.400027275085;-155.89331054688;500;0;0;0;0;0;450
1867.9920654297;1304.0362548828;160.03125;2;Balcony;-48.784275054932;-85.70671081543;500;0;0;0;0;0;450
-857.21038818359;450.09335327148;-31.694519042969;2;T Spawn to T;-44.564159393311;1.4774332046509;250;1;0;0;3;450;0
941.27471923828;415.84646606445;88.46263885498;2;Deep Long;-47.659572601318;38.919578552246;250;0;0;0;0;0;0
941.27471923828;415.84646606445;88.46263885498;2;Minipit;-50.893558502197;13.001397132874;250;0;0;0;0;0;0
274.67788696289;-224.55364990234;88.03125;2;2nd Middle to Long (Deep);-41.145385742188;31.908149719238;250;1;0;0;21;450;0
697.71520996094;-241.00311279297;91.03125;2;2nd Middle to Short / Default;-53.295974731445;15.958734512329;250;0;0;0;0;0;0
664.96875;1873.03125;168.03125;2;Sandbags to C1;-29.164428710938;136.52569580078;250;0;0;0;0;0;0
1089.3178710938;2781.9907226563;128.0158996582;2;CT Spawn to B Entrance;1.0351814031601;-146.41192626953;250;0;0;0;0;0;0
895.36511230469;-56.493270874023;296.03125;1;Window to Patio Roof;-47.24373626709;1.1188648939133;250;0;0;0;0;0;0
695.10949707031;-261.63357543945;96.784210205078;1;2nd Middle to Boiler;-23.496992111206;29.439990997314;250;0;0;0;0;0;0
326.81060791016;1626.7751464844;122.03125;1;Banana to Sandbags;-11.069176673889;56.14379119873;250;1;0;0;2;450;0
473.3369140625;2034.6374511719;203.03125;1;Car to Dark;-20.817378997803;109.20097351074;250;0;0;0;0;0;0
409.33825683594;2008.3641357422;128.03125;1;Banana to C2;-23.312198638916;119.05095672607;250;0;1;0;0;0;0
339.80114746094;2027.1282958984;128.03125;1;Banana to C1;-46.227375030518;69.534278869629;250;0;1;0;0;0;0
999.47564697266;1878.5151367188;149.13442993164;1;Sandbags to New Box;-26.961973190308;140.95951843262;250;0;0;0;0;0;0
941.07214355469;2107.9711914063;140.03125;1;Porch to Dark;-22.295782089233;129.13247680664;250;1;0;0;2;450;0
875.1962890625;2386.2258300781;145.12434387207;1;B Entrance to New Boxes;-18.230188369751;166.8317565918;250;0;0;0;0;0;0
664.55895996094;1873.4448242188;168.03125;1;Sandbags to Spools;-24.513359069824;96.469284057617;250;0;0;0;0;0;0
1128.0126953125;2643.71484375;134.4312286377;1;Tree to Dark;-25.067792892456;155.29141235352;250;0;0;0;0;0;0
1128.0126953125;2643.71484375;134.4312286377;1;Tree to New Box;-23.127395629883;-177.77383422852;250;0;0;0;0;0;0
1483.7658691406;2893.2097167969;129.43354797363;1;CT to C1/C2;-16.243598937988;-162.53674316406;250;0;0;0;0;0;0
247.30467224121;2883.0341796875;160.03125;1;Fountain to B Entrance;-19.708589553833;-44.172492980957;250;0;0;0;0;0;0
1157.5262451172;589.1962890625;122.03125;1;T to Patio;-13.471616744995;-43.387107849121;250;1;0;0;2;450;0
929.62615966797;3295.4084472656;144.03125;1;Ruins to Grill;-45.950180053711;-132.36817932129;250;0;1;0;0;0;0
673.18798828125;2125.955078125;136.03125;1;Banana to CT Boost;-9.2673988342285;70.090171813965;250;0;0;0;0;0;0
2512.03125;1407.0721435547;160.03125;1;Library to A site;-3.7951498031616;-142.76446533203;250;1;0;0;26;450;90
1998.6358642578;1164.1958007813;159.73414611816;1;A Long to Close Back Site;-44.055149078369;-86.499572753906;250;0;1;0;0;0;0
2480.1518554688;172.64956665039;124.03125;1;Graveyard to A Long;-7.8651599884033;108.885597229;250;0;0;0;0;0;0
2633.9780273438;-473.96875;88.976684570313;2;Dosia to A Long;-24.200109481812;109.98568725586;250;0;0;0;0;0;0
2633.9780273438;-473.96875;88.976684570313;2;Dosia to Apps;-16.060110092163;155.85581970215;250;0;0;0;0;0;0
2633.9780273438;-473.96875;88.976684570313;2;Dosia to A Short;-23.100149154663;149.69580078125;250;0;0;0;0;0;0
2067.03125;-162.24084472656;85.03125;2;Under Balcony to Library;-20.946218490601;74.123008728027;250;0;0;0;0;0;0
2067.03125;-520.9970703125;108.03125;2;Under Balcony to Balcony;-62.911308288574;94.003143310547;250;0;0;0;0;0;0
1062.9636230469;-247.0174407959;256.03125;2;Window to Patio;5.8962826728821;68.994705200195;250;0;0;0;0;0;0
-91.73836517334;201.22546386719;184.03125;1;2nd Mid Balcony to Window;-24.903949737549;-22.834613800049;250;0;0;0;0;0;0
-91.73836517334;201.22546386719;184.03125;2;2nd Mid Balcony to Window;-24.903949737549;-22.834613800049;250;0;0;0;0;0;0
-107.98948669434;151.60166931152;208.80485534668;1;2nd Mid Balcony to Window;-20.833978652954;-8.4532861709595;250;0;0;0;0;0;0
-107.98948669434;151.60166931152;208.80485534668;2;2nd Mid Balcony to Window;-20.833978652954;-8.4532861709595;250;0;0;0;0;0;0
623.35028076172;1938.03125;131.56016540527;1;Car to Coffins;-33.694568634033;94.118324279785;250;1;1;0;19;450;0
169.98509216309;3063.96875;244.03125;1;Dark to Banana;-17.964502334595;-83.122756958008;250;0;0;0;0;0;0
464.96102905273;2661.8913574219;160.03125;1;B Site to Car;-42.274532318115;-89.997886657715;250;0;1;0;0;0;0
477.79809570313;3295.4011230469;160.03125;1;Graves to Car;-12.134537696838;-75.138145446777;250;0;0;0;0;0;0
595.03125;2538.0004882813;244.03125;2;1st to Car;-4.9294986724854;-40.817817687988;250;0;0;0;0;0;0
546.83605957031;2522.1960449219;291.03125;1;1st to Car;-32.825057983398;-87.022369384766;250;0;1;0;0;0;0
344.8547668457;2791.6105957031;273.03125;1;B Site to Banana;-9.1750421524048;-94.421936035156;250;0;0;0;0;0;0
986.9697265625;2643.001953125;245.03125;2;CT Boost to B Entrance;5.6369180679321;103.48211669922;250;0;0;0;0;0;0
4.03125;2650.6650390625;160.03125;2;Quad to B Entrance;-30.883142471313;-24.00661277771;250;0;0;0;0;0;0
2024.5889892578;2588.8962402344;250.69755554199;2;T Base to Quad (Anti-Sniper);-22.798099517822;164.6944732666;250;0;0;0;0;0;0
1978.0963134766;2370.6545410156;259.52124023438;2;T Base to A Site;-6.2982115745544;-87.371170043945;250;0;1;0;0;0;0
1978.0963134766;2370.6545410156;259.52124023438;2;T Base to Under Balcony;-8.3332061767578;-84.951156616211;250;0;1;0;0;0;0
1978.0963134766;2370.6545410156;259.52124023438;2;T Base to Dosia;-9.4882125854492;-82.696144104004;250;0;1;0;0;0;0
1853.7181396484;2352.2880859375;259.52124023438;2;T Base to Pit;-9.9282064437866;-77.746116638184;250;1;1;0;9;450;0
2631.96875;32.03125;216.79159545898;2;Graveyard to Mid;-30.773332595825;158.25453186035;250;0;0;0;0;0;0
