-2041.2755126953;898.96875;480.03125;2;Short Tunnel;-30.0849;-65.0901;800;0;0;0;0;0;180
-201.185;-919.1;30.6068;2;Barrels;-31.8449;117.134;800;0;0;0;0;0;450
-1557.14;-360.692;32.4734;2;Bridge;-43.515;21.5197;800;0;0;0;0;0;450
-3288.63;-358.969;536.094;2;Car;-21.6798;61.4749;800;0;0;0;0;0;450
-3288.63;-358.969;536.094;2;Container;-17.8298;59.7699;800;0;0;0;0;0;450
-3611.195557;-177.62674;512.836487;2;Long to Bank;1.6099448204041;46.354606628418;800;0;1;0;1;0;180
-3611.195557;-177.62674;512.836487;2;Long to GSG;-40.392601;51.259613;800;0;0;0;0;0;450
-3580.172363;-78.238251;512.93634;2;Long to Back A;6.714474;32.608036;800;0;1;0;1;0;450
-3580.172363;-78.238251;512.93634;2;Long to Back A;4.255975;32.542042;800;0;1;0;1;0;450
-2088.664551;918.095581;480.093811;2;CT Spawn to Monster;-16.533953;-48.058834;800;0;1;0;1;0;180
-2079.9506835938;672.74572753906;472.28125;2;CT Spawn to Pipe;-17.14472;-61.818825;800;0;0;0;0;0;180
-2116.4079589844;993.20300292969;480.03125;2;CT Spawn to Sandbags;-22.936214;-57.690578;800;0;0;0;0;0;180
-1926.8911132813;1307.96875;354.92874145508;2;Back A to Canal pipe;-46.200985;-40.010532;800;0;0;0;0;0;180
-2012.96875;-1231.96875;240.093811;2;Tunnels (Oneway);16.218643;63.144173;800;0;0;0;0;0;450
-2012.96875;-1231.96875;240.093811;2;Connector to Lower Tunnel;-28.842152;44.554512;800;0;0;0;0;0;450
-2244.988281;801.227356;472.093811;2;CT Spawn to Pipe;-20.659;-59.482792;800;0;0;0;0;0;180
-1826.37561;629.178894;256.093811;2;Heaven (Oneway);26.495182037354;-16.989072799683;800;0;0;0;0;0;180
-1559.991455;-361.262207;32.424126;2;Construction (Oneway);-16.674314498901;-133.71553039551;800;0;0;0;0;0;180
-1559.991455;-361.262207;32.424126;2;Construction to Bridge;-43.693123;21.193089;800;0;0;0;0;0;450
-1559.991455;-361.262207;32.424126;2;Construction to Bridge;-43.642719;21.174242;800;0;0;0;0;0;450
-2191.96875;1311.96875;356.093811;2;Back A (Oneway);-8.86176;-55.390415;800;0;0;0;0;0;450
-2446.4299316406;1043.6591796875;480.03125;2;CT Spawn to Pipe;-5.792435;-58.008457;800;0;1;0;1;0;180
-1929.296509;800.613403;480.093811;2;CT Spawn to Pipe;-13.266983;-67.330742;800;0;0;0;0;0;180
-2059.970947;633.612732;472.093811;2;CT Spawn to Monster;-33.990913;-43.224922;800;0;0;0;0;0;450
-3320.36084;-358.997864;536.093811;2;Cafe to GSG;-18.134613;62.146011;800;0;0;0;0;0;450
-2536.195557;-1056.03125;433.399048;2;Short to B Default;-25.873356;34.544403;800;0;0;0;0;0;450
-2536.195557;-1056.03125;433.399048;2;Short to Toxic  |  Pillar;-25.525805;38.119961;800;0;0;0;0;0;450
-2025.534058;-865.001343;395.427856;2;Short to A Main;-28.313963;114.564102;800;0;0;0;0;0;450
-2351.96875;-414.03125;388.562317;2;Short to Back A;-60.588089;73.825958;800;0;0;0;0;0;450
-2166.03125;-519.96875;391.39779663086;2;Short to Bank;-29.749702;100.836487;800;0;0;0;0;0;180
-2351.589111;-790.03125;388.75824;2;Short to Truck (In);-37.65332;79.287178;800;0;0;0;0;0;450
-2351.589111;-790.03125;388.75824;2;Short to Truck (Out);-37.735825;81.105255;800;0;0;0;0;0;450
-2351.589111;-790.03125;388.75824;2;Short to Truck;-43.90601348877;78.561180114746;250;0;0;0;0;0;0
-1751.96875;-671.96875;128.343811;2;Squeaky to Heaven;-21.813353;87.229683;800;0;0;0;0;0;450
-613.014099;-1082.017212;42.160416;2;Tracks to Toxic  |  Pillar;-29.337307;99.340714;800;0;0;0;0;0;450
-525.9823;-1551.984375;144.093811;2;Tracks to B Default;-43.807911;110.431473;800;0;0;0;0;0;450
-617.42126464844;-1510.03125;145.03125;2;Alley to Bridge;-48.988934;113.071342;800;0;0;0;0;0;180
-1645.96875;-1087.96875;96.093811;2;Construction to Toxic;-14.603092;62.433121;800;1;0;0;2;450;0
-1645.96875;-1087.96875;96.093811;2;Construction to Pillar;-20.0158;55.835869;800;0;0;0;0;0;450
-1567.96875;-632.289246;7.324776;2;Construction to Bridge;-39.254143;57.023972;800;0;0;0;0;0;450
-1567.96875;-1087.984619;0.093811;2;Construction to B Default;-30.278185;74.646019;800;0;0;0;0;0;450
-1567.96875;-1087.984619;0.093811;2;Construction to Pit;-24.899216;71.312859;800;0;0;0;0;0;450
-1559.96875;-728.785583;52.574356;2;Construction to Heaven;-33.446209;96.293686;800;0;0;0;0;0;450
-3383.369629;35.247875;516.906006;2;Long to Back A;-18.035419;31.69908;800;0;0;0;0;0;180
-2178.03125;-1151.96875;397.95663452148;2;Short to Heaven;-26.368107;71.543701;800;0;0;0;0;0;180
-2351.96875;-815.96875;391.089905;2;Short to Truck;-34.507934570313;82.100296020508;800;0;0;0;0;0;180
-1421.973022;-1087.96875;0.280518;2;Water to Walkway (Right);-28.760462;107.193207;800;0;0;0;0;0;450
-1259.998779;-1079.979126;0.093811;2;Water to Walkway (Left);-32.010883;110.080414;800;0;0;0;0;0;450
-3540.03125;-381.96875;528.0802;2;Cafe to Boxes  |  Truck;-14.256992;41.849758;800;0;0;0;0;0;450
-2604.023926;1102.215088;480.093811;2;Bank to Long;-24.090078;70.93821;800;0;0;0;5;70;0
-996.96;-539.15;96.03;1;unsafe water;2.26;101;500;1;0;0;2;50;450
-784;495.96;96.03125;1;Construction;-16;-95.88;500;0;0;0;0;50;450
-730.03125;-2225.1437988281;240.03125;2;T Spawn to Restroom;-51.612926483154;149.04597473145;250;1;0;0;11;450;0
-1995.0677490234;540.458984375;475.03125;2;CT Spawn to Long;-29.02495765686;-168.01316833496;250;0;0;0;0;0;0
-1995.0677490234;540.458984375;475.03125;2;CT Spawn to Canal Pipe;5.2554483413696;-68.82177734375;250;1;1;0;12;137;180
-759.54296875;-1903.4229736328;198.65631103516;1;Alley to Construction;-14.580419540405;112.22717285156;250;0;0;0;0;0;0
-1731.96875;-702.0009765625;96.03125;1;Construction to Pit Ramp;-18.045450210571;57.397552490234;250;0;0;0;0;0;0
-1580.0356445313;-481.37219238281;136.03125;1;Construction to Toxic;-20.124368667603;53.982852935791;250;0;0;0;0;0;0
-2022.9750976563;-48.007476806641;139.69827270508;1;Walkway to Pipe;-12.639939308167;-44.571479797363;250;0;0;0;0;0;0
-1894.5189208984;262.96051025391;160.03125;1;Walkway to B Default;-22.434350967407;-21.277189254761;250;0;0;0;0;0;0
-1117.1217041016;-923.48126220703;0.69087982177734;1;Pipe to Connector Door;-23.034887313843;-163.71115112305;250;0;0;0;0;0;0
-1399.96875;-139.99644470215;0.03125;1;Safe to B Default;-15.41175365448;63.093826293945;250;0;0;0;0;0;0
-3328.0700683594;-358.20547485352;536.03125;1;Cafe to Bombsite A;-13.101968765259;50.5270652771;250;0;0;0;0;0;0
-3518.2077636719;-361.2053527832;525.63299560547;1;Cafe to Truck;-13.786208152771;34.682739257813;250;1;0;0;11;450;0
-2993.8759765625;-1040.03125;521.65057373047;1;Birthday to Fountain;8.5806446075439;-45.662998199463;250;1;1;0;19;450;0
